8317,8306,8318,8305,8309,8310,8301,8311,8299,8304,8313,8304,
8320,8306,8304,8311,8296,8312,8300,8299,8308,8299,8315,8302,
8309,8320,8312,8324,8311,8317,8321,8310,8319,8306,8308,8309,
8300,8314,8304,8307,8311,8305,8321,8311,8317,8319,8309,8321,
8302,8308,8311,8298,8313,8296,8301,8309,8297,8312,8301,8307,
8313,8299,8315,8302,8310,8312,8304,8315,8309,8312,8318,8309,
8324,8314,8319,8328,8319,8328,8314,8324,8320,8310,8325,8307,
8309,8331,8325,8331,8320,8319,8320,8309,8328,8311,8311,8315,
8308,8319,8311,8313,8322,8310,8322,8308,8313,8311,8307,8317,
8302,8311,8314,8308,8320,8307,8315,8321,8314,8327,8310,8315,
8319,8311,8321,8312,8311,8320,8308,8320,8312,8318,8322,8312,
8333,8318,8320,8348,8322,8340,8321,8330,8324,8311,8329,8311,
8315,8317,8313,8323,8310,8318,8325,8317,8329,8318,8321,8327,
8310,8319,8307,8308,8312,8301,8314,8301,8305,8311,8302,8320,
8312,8314,8324,8313,8325,8310,8313,8315,8308,8319,8309,8315,
8322,8308,8323,8307,8307,8316,8306,8316,8308,8309,8315,8306,
8317,8299,8308,8313,8306,8319,8310,8310,8317,8310,8319,8307,
8310,8311,8300,8310,8297,8304,8302,8297,8309,8299,8311,8316,
8303,8325,8310,8315,8320,8309,8318,8308,8306,8310,8304,8315,
8303,8311,8318,8308,8321,8306,8316,8318,8307,8324,8309,8325,
8323,8316,8338,8320,8324,8328,8313,8323,8311,8314,8321,8314,
8328,8318,8324,8324,8312,8319,8308,8311,8314,8306,8321,8306,
8311,8317,8311,8266,7776,7697,7659,7633,7642,7623,7618,7623,
7611,7626,7618,7622,7633,7624,7642,7629,7633,7641,7630,7640,
7627,7637,7640,7623,7648,7632,7641,7643,7634,7652,7633,7641,
7650,7638,7654,7643,7647,7654,7644,7658,7645,7651,7651,7645,
7660,7646,7657,7661,7651,7664,7654,7660,7660,7655,7669,7652,
7658,7669,7659,7672,7662,7663,7669,7663,7674,7659,7666,7675,
7668,7685,7671,7681,7685,7678,7692,7680,7686,7691,7677,7692,
7681,7686,7690,7671,7686,7673,7675,7680,7672,7687,7677,7689,
7697,7690,7704,7694,7702,7705,7691,7705,7689,7692,7698,7691,
7706,7694,7700,7706,7700,7715,7705,7710,7714,7709,7726,7714,
7721,7724,7710,7724,7709,7713,7719,7713,7728,7712,7717,7726,
7708,7732,7717,7725,7731,7719,7731,7722,7725,7735,7724,7739,
7725,7731,7736,7731,7749,7738,7745,7755,7741,7752,7743,7746,
7749,7738,7753,7741,7750,7752,7743,7757,7741,7748,7752,7743,7759,
7755,7762,7763,7758,7772,7758,7766,7767,7759,7774,7763,7769,
7769,7761,7773,7759,7762,7770,7759,7774,7765,7769,7778,7768,
7781,7770,7774,7784,7769,7780,7769,7770,7775,7763,7779,7765,
7779,7783,7772,7784,7776,7777,7787,7777,7791,7778,7785,7789,
7780,7795,7778,7789,7797,7785,7800,7788,7796,7799,7790,7803,
7790,7795,7795,7788,7803,7790,7795,7800,7790,7806,7796,7800,
7806,7796,7809,7794,7797,7800,7790,7802,7789,7800,7801,7801,
7814,7801,7806,7814,7803,7817,7801,7806,7810,7799,7813,7799,
7808,7808,7803,7820,7811,7814,7824,7814,7829,7812,7819,7825,
7811,7825,7814,7815,7824,7818,7836,7825,7827,7836,7853,7846,
7838,7832,7831,7812,7824,7812,7816,7824,7817,7844,7829,7842,
7851,7844,7858,7842,7846,7841,7833,7842,7825,7837,7830,7836,
7847,7845,7850,7857,7849,7860,7848,7852,7858,7845,7865,7857,
7856,7865,7854,7870,7861,7864,7867,7854,7871,7859,7862,7864,
7854,7863,7852,7855,7859,7852,7865,7856,7860,7870,7865,7884,
7867,7873,7876,7862,7880,7864,7867,7871,7868,7882,7868,7875,
7880,7873,7892,7878,7884,7883,7877,7897,7885,7892,7893,7882,
7893,7879,7878,7882,7875,7882,7871,7878,7881,7876,7892,7883,
7890,7896,7882,7901,7884,7891,7897,7886,7902,7887,7892,7897,
7884,7903,7891,7899,7908,7894,7908,7897,7899,7901,7893,7903,
7889,7897,7901,7896,7908,7895,7902,7910,7893,7910,7895,7902,
7906,7893,7909,7897,7896,7905,7894,7908,7898,7900,7911,7900,
7919,7904,7912,7915,7898,7912,7899,7899,7908,7900,7917,7909,
7912,7919,7912,7925,7912,7913,7919,7911,7929,7915,7919,7929,
7919,7933,7923,7923,7937,7921,7936,7921,7926,7932,7917,7935,
7926,7934,7939,7931,7942,7931,7936,7935,7927,7940,7929,7936,
7941,7935,7952,7941,7950,7955,7947,7959,7947,7953,7957,7947,
7960,7945,7945,7958,7941,7965,7947,7959,7963,7955,7968,7957,
7959,7964,7951,7963,7945,7954,7955,7945,7960,7951,7957,7966,
7955,7965,7955,7962,7967,7961,7972,7959,7967,7970,7963,7980,
7964,7968,7970,7963,7973,7958,7970,7969,7959,7973,7957,7966,
7975,7968,7982,7971,7974,7980,7966,7982,7965,7969,7974,7963,
7977,7971,7973,7981,7975,7986,7978,7981,7983,7973,7982,7970,
7975,7977,7973,7985,7973,7982,7988,7979,7994,7982,7987,7993,
7977,7988,7977,7978,7981,7970,7983,7971,7980,7991,7984,8003,
7987,7984,7986,7970,7988,7974,7980,7990,7984,7998,7995,7994,
7998,7990,8002,7987,7997,8001,7994,8005,7991,7998,8001,7987,
7999,7987,7994,7997,7991,8001,7990,7991,8000,7991,8006,7999,
8005,8005,7994,8010,7995,7996,8002,7995,8011,7994,8006,8009,
7999,8017,8004,8012,8018,8008,8023,8006,8005,8017,8009,8024,
8011,8027,8037,8022,8039,8019,8023,8030,8008,8027,8016,8020,
8026,8014,8031,8018,8024,8032,8024,8038,8029,8033,8036,8025,
8032,8018,8023,8026,8018,8030,8023,8022,8028,8022,8041,8030,
8036,8039,8025,8038,8017,8017,8025,8017,8039,8031,8041,8052,
8044,8051,8035,8037,8041,8033,8048,8037,8046,8051,8033,8049,
8029,8035,8040,8032,8046,8035,8044,8044,8038,8047,8030,8038,
8043,8039,8052,8033,8041,8046,8031,8046,8034,8045,8049,8037,
8058,8040,8048
